43879220887533
72882890609618
65604410206123
33206343428789
8512874399765
64002907500229
3959107900314
42649979821674
98979926050134
99484034893265
67536583176509
26039914608155
29570620128192
68755009426999
51295031927296
40031131534813
2058935739379
90538503849260
1129371851494
52074989005068
69865893714781
89209212021023
11430139966912
99390892559945
72357846320753
83348921239474
31560512253369
87738029810857
45318691807006
97752336234579
55455917955921
94712983253596
38106756453000
8818946907360
98102138832903
23966660788301
34224038073404
89146244885357
54981084484944
243928556755
12241468781343
20200901619174
28283750621207
27958453920974
4698050896693
60416171277709
19468391304655
78668941031700
82787851786259
34429041948872
18217696636926
79627154752071
15893891094528
69230541442085
94273219134135
88428014005250
79412007851402
8380504296902
67549373928276
72848122125979
2286163175918
53200470187182
49817347912794
72181111553855
91394040584192
70462983964670
27462081783497
86479048137899
84076350766212
1158964107861
38225455592825
28921867755835
79420228213043
96894202562658
69467722250182
73394767259917
80034383254368
83020376293481
82755561382324
50090400714671
39166125259597
39274698662616
78193525451017
47659872631687
29380773349179
19494867489441
96529996488197
95006528097343
74746373855058
31190295478602
70259019549509
4714831004835
49755027461869
78153216649262
88190011094870
66368056217222
88197547900003
51474915423132
85930656164143
36506567047545
50934102482736
11433256401038
83005582247412
9260157742988
92175231716899
41481900823645
58988308573998
72865453130886
83682101876237
24203640759912
44787182610047
87128956621150
97632182370095
62090416384846
1406960181812
32587088984142
86132247901416
5696002632097
99644176242836
29517369061993
16331200349452
87977229486014
66170558167089
60661982321409
91820754777501
72799356339946
62483815351734
10126612254621
8719427126433
992982467329
70213256621016
13992178066150
99626008560730
81954036554566
22600824319832
19800725330941
872264243703
63206074094755
75135811692814
2105766046498
36535580653909
74178534943576
10541867066239
81146665405041
8703683958602
70295131972096
33342779703886
21842330805147
20666526707081
65682723415311
16599432205609
71184128207578
56140272574867
20089047382172
82553515562993
9818329513108
59039088875147
8037322427596
78480931214769
78455151742718
77823638354683
9008284207284
42540069423072
20184204654339
95755493967813
44670657683682
1823214926673
3244913745791
11060307390098
36921558122804
9294734061673
29203767725777
48410501510219
6926947892531
55865655532715
68083262275367
34348794965258
43743279646635
76208549442267
34027214087145
46440230271206
41405347034851
18654437776149
89943820227256
39144389297496
24283842472824
48897624283241
39692796400940
43330894432022
32554185100589
81836229848274
29587730763060
927658499825
5758236913546
92929578585997
94195071968084
13705814968535
55873159618030
44911418876528
71884261303259
81002812432467
97671209414956
15052969095079
95406931635084
22453581274387
83733655845116
11428661491861
44439450997448
27653149607821
23609523715056
29025852839066
82764224593572
20970096458978
83198557185417
88194381809643
84318582549065
15036827160381
38751805176872
20858465381750
35580565506914
50247770525221
6159124010631
28715758682422
23861630118384
97771906039048
3774256947359
23087592458637
91907156802024
12745212697378
98587055542142
83645866399793
98974514744138
86158887609266
30907712528657
92044181565544
71118548395269
46523766285633
50552689684381
35638424949410
98408977291128
79606863255661
58083312975371
44907162961774
50058279770871
12692442386362
95654945896234
3314469474970
77129042609613
93867146307231
72264337639172
47668196238910
72233419572416
43657279355602
73806146175797
91080701147385
80982677258874
29748887322381
10280306278327
86039326168585
3636989505926
90939695141068
60536499828302
88439002202456
23182808206735
92011412816482
854292205585
97661070131016
62856814944025
98126460665639
13427680545743
8703193398084
38722391378166
68533634225311
62710896050526
82356679406124
43372135887490
71428654730508
69513070596465
62418852025921
47278329441468
5392018301652
91188574701503
97037428330722
26923500285614
37198347053141
63934572137523
99094609315751
11568565297572
88734346015475
94711200011894
88475418290562
11730892358625
20397976084454
86852004491536
29082112320533
77924462769768
63868872370199
55439202847655
28106685906794
79824767629157
25191198708783
63135050459983
94543090586814
45495467059450
54943870244128
27937935537744
91238625631413
95908884275900
5581251842809
62924834851963
61118877217305
36459152228736
862069896842
4824277648516
20126261849603
79600800001754
76546098116505
63827864416876
88972827748916
5054744401257
78090160957054
58054789131908
2979669376720
33738007424423
79228282508668
50895834671843
72921062701887
11900043536623
44336267797982
47344363003473
3368810359466
70768708543540
99000628897203
63774550794754
84369602466760
57377335091318
5628170419641
39203230224498
22570307646824
11153805224269
81052581438325
44700942393001
84464294624003
81485376400427
44036076148067
11380574223165
73095769612811
51929717974052
91431286245811
97645980579904
65586580640781
5106944626751
27491903979337
1686051521988
45540585560160
5882790730550
94945513579818
17069441046681
69240220815963
79800083334470
76979484312150
8683501526700
11946701871450
31685518628847
14038899089384
74251575616824
57531152800354
17518437701362
66933048298361
59497214746611
68455454147055
99586880099613
48269047374
48958655808414
32805485846601
81580587654321
46078899243129
9474264003883
7326856501082
17325064657098
74784265031332
54678368786256
58688954480715
6904947877150
74862383256694
15815483523537
7285506571218
81840396543519
75576895891619
91276225946171
43542696918330
10148946907115
65609459199020
9342092422742
12429400405065
37327588340951
54917428667191
18137964365446
92831238114630
68933207742846
6804293734137
54101789782315
46994398143556
16642112485387
93631488335188
57844118736828
17134175580470
40445632359082
50780657507880
99779715873126
96462307804876
51191803922000
55027637292991
83505790907836
49262341866664
92486702439425
26586674291012
21074954820092
93908671621557
94461932667654
23375742000761
34257297420010
21135862128175
68139395024852
44868815443569
49457622561005
61808972129208
67369570398835
27645549479346
94117707233389
21420703656528
13169283189837
79642908966189
78965541027858
38748012180559
19695628699260
29170882390292
24895277178186
64489822149496
86071289854226
35485024113129
60776708428786
90873307028566
55688036431423
40865847866841
16152706398097
89744473914293
57157790948294
79825381472050
79412142910803
66046629085697
87404564323603
79240308422235
7716460518792
28047420214427
58272152108435
9039769385601
55967351474768
62443336103053
64300616277229
98958648270355
23870874171138
73558155304154
90756374893438
71342047595814
11854583035762
78927835430876
83662960790929
77521544283115
12917016168479
32190051757001
50639561485509
13344264473380
98519790349202
68546825771170
27621518401874
58514397324515
50481664387931
41648792791020
34563661820252
95719128468810
24268925697265
84748692694871
97308636148046
32564873527107
71606323268839
68073379885957
72386475331685
73851626975174
52209902460485
47656992877370
20173610339324
55890469859792
69245790177473
55277753265666
86010069433688
86003068489608
85325024719686
79690366937870
24486373540992
27569533685743
82476065014059
33465468970679
52492949745749
47728772109695
71072220507902
96951491306064
14583419406949
95730911855789
94122291243088
82440029146354
90053037819594
78230509755245
34533816812773
97421905438272
95593942275274
52870750052791
66372774573152
73104124330908
93460722109295
54734170835705
17408394263374
66922409265834
31169027619409
57077883488735
44179851431863
8652411274076
95427700663159
17955238397698
42202759933178
89096779613042
19585823250606
39094610526531
27821383008135
40069628044377
19467475944872
20515580510031
92162589598798
61877157658539
44924677091380
65701974442787
36546610411923
33002930029100
84681936752840
34830424732549
86047923358810
64994434664490
76168956210611
84032048402766
65357511100871
73405004069931
54440063290766
20449758211348
80014707191137
26439520864958
8025027279483
68845572761527
53616121806237
26262091504204
50258331588719
26257945697976
49105803443260
82244979814692
13216184233485
49168303794298
39720305140401
92526738472258
53588661093743
75547017654127
72545269030964
82011479868925
36234961326267
5384313559968
15133268522873
11418363845230
4694084338804
29140189681622
11518344319112
8778544976716
85555606841489
73275929988194
87068507666320
6543547812078
52256868134061
78083033552817
8529197529945
59784050938590
3297890871248
94789795372518
74046895987943
17555462847587
20729568267982
84638221627057
24590795999894
46556634343752
97653744051978
72215718634955
75920044326818
79845490411945
7045449568978
16074276929443
92327093760655
54243380010942
92419902647189
55378076748608
90901788687437
26910621979727
5433957410147
46704628364510
92365172141180
62996350200116
47520900392505
92252561713655
38520516895865
50083387934318
18456361445477
48165378939482
20311301857527
43957995394855
31282865688834
8217079833691
52208631197230
10792929063505
95227828822479
2431532624209
40766174437704
39738205322264
3584114423355
73804238840584
98689181383841
62670120880100
8326377105429
68028630901508
50809986687734
58198048190251
69498827547344
8554452419065
11828049779595
31729976325609
34995008901160
74239769558977
87759721019710
92512134638418
51157262946207
89923387794943
53970679310539
46151276861516
9676386335661
19602817916015
19213157066190
39134395660622
35062761140071
26761265998272
48309139428511
23447530187825
14498183172517
66958588740647
83067236553341
18675302256996
55504222490022
72471585416765
68118220993646
6677688406920
91396960658407
37147056753004
79933285673016
30042197011446
47904048981932
63397684471066
50444831050941
60466993076766
63081683020414
54831330064325
26095919410912
31176968948564
2831818962697
17237340570941
86078670043636
29628952321586
63735942938013
98850060214831
91434188048365
82373662081360
72825582017456
73720391587656
45774307722211
61979769168032
67982626921855
67267282824909
9863795021302
87043781506815
38351889980946
86482782447993
56602117729565
22021697678815
20155438279948
28162185286211
40515554598010
27909837820028
92852113154159
70160501407446
8499392224542
29298736867912
19602751725669
63002611040675
25124818739364
5965791890323
55104918959815
85188082341011
97102224948206
49872739342266
176119875241
23355160505478
86458249002127
55697021041388
58491760027856
49293067392833
81518116192501
79518176876943
7005142446588
27484305302851
58532809097770
99694346494091
37268367240673
73348078219307
25977586962630
77366237926291
64515331958059
36261599500503
2503431045040
27314231091961
55011151386117
9218970334945
19769756236732
4758136570170
88938033031150
80389402928384
19063109518828
9981999889030
23282945953744
629859497163
1759584147908
91475160236589
80077685039919
24616450225707
91802144323664
36176882560088
17702512040589
89551865911722
8823462363371
48140722161333
51336047442288
82178579280006
76833415926841
71602974258731
97939128623
37983110691635
21412797413373
77379128681207
80928719210089
17940901942487
65918376395252
93416814766650
6171836041503
76822130914529
55442110807309
24371875064545
11024265666259
56761202211302
71620671714616
43984331438824
78106841099670
54760322487717
78246700438241
6273435286567
83164170100785
69256102923271
40070077603602
55514683109162
43786392478349
22339875453989
95158855015732
791869685387
80422935105108
8400270612807
53716787566754
8911079545116
3199733736636
203351491665
13102772559512
65696131219382
3226562087472
35724652019717
76019592302994
79344839284204
55291662002354
75781012198059
96244833180678
38330519117719
63734307673384
42952402542971
57275697506213
31801610665004
41873370978504
2157444059416
53535094738804
87945896546735
39160217086966
24556353137660
46522552948905
32409537752149
11616619571267
68571614786129
90386822761424
37311585103940
27556059025973
9893544043223
89331671636794
68135339148367
76266986417781
23631432137617
32933279690814
58608857488200
23953102597441
14196253338602
78535774368875
31649207571015
71243751916007
55826547061704
57111114991789
38627369037361
93127236264798
55252647551959
77934646824825
19411256928345
92538622248760
27057210382258
99844429597314
63127533574515
45162178925509
97726312577901
15952234479488
94600412156582
93006806344513
80004845800674
47017392556528
49543887667207
39967289641433
76510966100689
21628267250996
22515877543535
73220479484804
62499217786046
92821895632346
72063563246713
38093781892884
85138810365306
61493396561381
10969645246382
31359395615351
71603017385680
23701898933765
22983895242549
1551556200047
28381181914491
48127637752382
52996187834743
4322382595197
32166437897719
77683862218932
92295811690008
69151276825362
41448002885332
52502685563735
43150647630039
19267867707109
6938151466490
56384714933901
26879318981952
44784578625213
712197143896
81924520256060
39141887671653
85530741313832
80331498752669
94918347545500
28348685890046
43403404065259
25817042912416
62454223929873
72021714428247
84277473961639
70496667452803
68971713447123
68741382296929
73188896395800
68001303295634
1112951598720
57070769786355
34629895215511
87804339464795
92622414877891
97493319184228
64373863435840
56367363918253
75097392420201
86499313725012
92525100590360
16208757592003
73797445951619
96625858022027
20688694731031
81758518061335
22536405570043
77336988455956
17133946967368
83367230970166
45662384253347
67480842090070
53267794225006
9861287839147
25460297758367
14264744146581
82908629694735
88378692253607
44747451078273
52250766914887
66749338720048
36584056953500
53947198797290
17165993099853
99176287069793
56492346936373
28643626121203
4241980851687
87924018664332
85322007396783
88308650593226
59518217144284
44538280029284
65924512997818
79633548320925
26533623117386
37462283258235
77543754534873
72895074349753
6943309552966
41482938529916
12367160727458
41034669516381
28618457737153
22219666651266
30562010778816
13393906634821
61089342161088
18052009912975
13095230683981
99954882077440
35585162793072
50058856602771
80202624635256
53753643035983
69814544715062
26226133910484
23758189013262
16169421577324
75681101247746
65741637734631
22543745772129
9956891528793
20018868017794
11703087455205
92499290768145
21053776520203
98515078250692
47546347474373
78631914018243
35794307348723
53802319938007
16203287136577
8731590554959
24074099247696
39184419906177
88764893423508
29190839214509
29639048296853
55884713255073
52723625413658
69943661631653
27325694859596
97847732679052
2666198321672
271325981058
52836083580561
88191136279473
89027157258284
78977247548
33335622622532
94403488703819
98148767956223
